#
# 4 - 500m
#
0.794962
0.682872
0.819031
0.784232
0.650306
0.850945
0.735590
0.756515
0.802700
0.743138
0.720125
0.682158
0.695825
0.700420
0.556763
0.632455
0.834016
0.711431
0.698106
0.804025
0.739986
0.698242
0.815020
0.822298
0.818053
0.798847
0.766964
0.807407
0.705113
0.764723
0.809086
0.838434
0.833086
0.804398
0.834387
0.812375
0.740502
0.847295
0.831928
0.828053
0.798979
0.844990
0.819708
0.821701
0.815263
0.808496
0.859303
0.864385
0.839996
0.902725
0.811580
0.832626
0.835133
0.840450
0.802805
0.787649
0.793735
0.813887
0.785342
0.755748
0.428661
0.562152
0.516880
0.436225
0.442612
0.362192
0.440191
0.503118
0.403625
0.401469
0.436503
0.435717
0.481854
0.512779
0.450448
0.326463
0.434970
0.651554
0.637572
0.481975
0.392992
0.390090
0.514933
0.500599
0.410440
0.485169
0.483011
0.492702
0.426399
0.445997
0.191221
0.276633
0.795380
0.250950
0.187799
0.231660
0.274866
0.303862
0.357115
0.174094
0.191221
0.219433
0.371454
0.301056
0.223712
0.211595
0.253623
0.204974
0.220856
0.224830
0.206499
0.227353
0.233158
0.186308
0.215848
0.210699
0.179970
0.220426
0.315404
0.218220
0.683852
0.540097
0.488344
0.650903
0.595815
0.616440
0.612984
0.642605
0.696412
0.613752
0.713486
0.601233
0.637934
0.644549
0.569267
0.616936
0.618870
0.646811
0.666352
0.611217
0.589872
0.600749
0.677165
0.677153
0.630610
0.631973
0.563443
0.664864
0.659829
0.673320
